10	5	7.179707156752774E-6
15	5	1.8453939915344568E-4
15	10	1.6517589483463233E-10
20	5	1.2692623902730275E-5
20	10	1.4549329624427695E-10
20	15	4.565221174003189E-15
25	5	1.610199260886154E-4
25	10	6.715938523393928E-11
25	15	1.960807627143581E-16
25	20	2.8888179453709454E-19
30	5	3.094539825640405E-5
30	10	3.818187046484004E-12
30	15	9.352640194153913E-15
30	20	7.149175104651331E-19
30	25	3.630905657801817E-23
35	5	5.852076941445729E-6
35	10	1.8534230904025143E-12
35	15	6.7730048350224235E-16
35	20	4.412885392781415E-20
35	25	2.9785153816481277E-24
35	30	1.9611367130257014E-27
40	5	6.423808541386857E-5
40	10	1.4720094150096258E-12
40	15	7.200500881098835E-16
40	20	2.2973059477669917E-18
40	25	2.2148772076110593E-22
40	30	4.4361951620930107E-29
40	35	1.429359524948577E-32
45	5	7.160685268274247E-5
45	10	1.3764674631248201E-14
45	15	7.969488572873488E-18
45	20	3.8002486913553844E-21
45	25	7.718505541208242E-23
45	30	3.211532401878654E-26
45	35	3.95399860351768E-32
45	40	2.7238311553029005E-37
50	5	1.3988125738081874E-4
50	10	3.294189544887991E-13
50	15	1.2906826729094618E-17
50	20	1.155292877702571E-20
50	25	1.0493058845047044E-23
50	30	1.199671136842922E-27
50	35	3.123495066659947E-33
50	40	4.0366075238189664E-36
50	45	1.963981510490527E-39
55	5	3.3872204569450766E-9
55	10	2.688472047028199E-14
55	15	1.3495644501114957E-18
55	20	6.9748912732543785E-22
55	25	4.427028541205828E-24
55	30	1.5801833923213205E-26
55	35	5.16843219836876E-33
55	40	1.9084552864804106E-35
55	45	3.024279983609732E-40
60	5	4.7001528628472103E-4
60	10	7.630172726820207E-14
60	15	1.7398027629328722E-18
60	20	1.500440499307758E-23
60	25	5.0265738093116545E-26
60	30	1.146371168768652E-28
60	35	2.788374219665327E-32
60	40	4.733505588394946E-37
60	45	1.0093898330141939E-40
60	50	4.2433348748567016E-48
65	5	4.196380804746739E-5
65	10	8.236529468182376E-16
65	15	1.347059755455903E-19
65	20	8.381510866950732E-24
65	25	5.697440397763447E-27
65	30	5.566965919332183E-29
65	35	3.45265004061811E-30
65	40	1.973325673427687E-36
65	45	2.946003626936495E-40
65	50	2.848463577856737E-48
70	5	3.386451155375584E-10
70	10	2.07204069375907E-16
70	15	8.740170142864996E-21
70	20	2.97419044696165E-25
70	25	2.834990771428521E-27
70	30	6.922832427513825E-33
70	35	1.3605765471599028E-36
70	40	1.320253E-37
70	45	1.281125396027891E-38
70	50	9.300743223342156E-45
70	55	8.074827266841942E-50
75	5	1.5996151626929538E-8
75	10	6.506898881420246E-15
75	15	2.6485689479755802E-20
75	20	8.006674293225007E-24
75	25	6.575805960445425E-28
75	30	4.8645284319437765E-30
75	35	6.472784931678464E-35
75	40	9.913142E-37
75	45	2.701338853160687E-41
75	50	3.640019823344616E-47
75	55	3.780796461434876E-49
80	5	1.344638395888973E-6
80	10	2.4324568872083E-14
80	15	9.411165564954798E-21
80	20	4.653406533809499E-24
80	25	5.435689900780432E-29
80	30	5.177471795690236E-31
80	35	2.09220261419995E-38
80	40	1.382069E-39
80	45	9.12968883616246E-41
80	50	1.9175601899446356E-46
80	55	1.0229451466244621E-49
80	60	1.1551793529573657E-52
85	5	1.2721982072051604E-8
85	10	7.120437409403069E-14
85	15	8.609867636130407E-21
85	20	3.9738533934389922E-25
85	25	5.654161778302717E-29
85	30	6.325071046977394E-32
85	35	1.8758918676640436E-37
85	40	2.6156991267363703E-39
85	45	8.826584958995706E-41
85	50	8.473952062277063E-47
85	55	8.154278491798881E-49
85	60	2.8171349461147353E-56
90	5	3.034442384795184E-7
90	10	2.0661718188356625E-14
90	15	2.5593442154083753E-19
90	20	1.4612344677887407E-24
90	25	7.405409252837115E-31
90	30	2.7700718789374614E-33
90	35	1.77961547063121E-37
90	40	2.690985E-39
90	45	8.122876504185026E-42
90	50	1.1554118268939172E-45
90	55	4.994122644937592E-46
90	60	1.3065345519352584E-53
90	65	3.163610947201325E-56
95	5	1.6180669958529173E-8
95	10	4.678775955790816E-14
95	15	1.8791579421331219E-19
95	20	5.947377822004222E-25
95	25	3.00857455728495E-29
95	30	2.7300779051422625E-34
95	35	6.905563984012191E-37
95	40	4.249337325002144E-41
95	45	9.22933254998127E-44
95	50	3.2813153388497405E-45
95	55	1.3602193748613666E-49
95	60	3.588734085652878E-53
95	65	2.179233924767453E-58
100	5	1.1051702206727786E-6
100	10	6.964630575782657E-13
100	15	1.8350412455363308E-19
100	20	1.1578242328802246E-24
100	25	2.8109309681192594E-28
100	30	3.6995439400611705E-36
100	35	1.2615648046067882E-37
100	40	4.2567219203929535E-41
100	45	4.3790623274839655E-44
100	50	8.632044190873287E-45
100	55	4.281430499566273E-47
100	60	2.2636060069047184E-54
100	65	1.5613185763119668E-59
100	70	1.7811370028837586E-62
110	5	3.418356830291873E-7
110	10	6.259781554363243E-13
110	15	1.8405411801905942E-19
110	20	1.8321261931779875E-25
110	25	9.211920354273006E-29
110	30	2.821767947473845E-33
110	35	8.694121593069109E-37
110	40	5.552475420909992E-42
110	45	2.0094525901501672E-45
110	50	3.2478681195078435E-48
110	55	4.8547839986205096E-51
110	60	1.1023460496628567E-53
110	65	4.932750270919519E-59
110	70	9.091711154663884E-61
110	75	1.2577867569658496E-67
120	5	1.809293911063324E-6
120	10	1.1889909085965622E-12
120	15	5.610931838894922E-18
120	20	6.680064228850054E-24
120	25	2.6693448160830515E-28
120	30	8.125451675236393E-33
120	35	4.3507260751311626E-38
120	40	1.2142881148774174E-40
120	45	1.6226524998185783E-46
120	50	9.820716271102774E-49
120	55	5.593176342880768E-52
120	60	1.1470093446323428E-54
120	65	1.2572920043303614E-57
120	70	9.168944284946988E-60
120	75	8.772655508411383E-64
120	80	4.663580026710772E-69
130	5	1.1421272831929505E-6
130	10	4.744577362404486E-11
130	15	1.1247248762423576E-17
130	20	4.481301220218475E-23
130	25	1.5081266204903598E-29
130	30	1.3195360635259644E-33
130	35	1.2058266916297E-40
130	40	1.5823277363030824E-41
130	45	6.984679023482321E-47
130	50	1.6056163933323895E-52
130	55	1.3286913782692217E-55
130	60	1.6481020057322589E-57
130	65	1.693403E-59
130	70	1.7399497913667368E-61
130	75	1.036926946279192E-64
130	80	3.2361769158627564E-70
130	85	6.330718686087377E-74
140	5	8.748512637798888E-6
140	10	5.99461644431518E-12
140	15	2.746056138881243E-16
140	20	1.0927991021945756E-22
140	25	1.2889328351149265E-28
140	30	3.2623660222344057E-34
140	35	5.1592411441437354E-39
140	40	1.6244655663883992E-41
140	45	5.568589633256354E-47
140	50	4.764258E-50
140	55	4.076104060331053E-53
140	60	1.267703E-56
140	65	3.9426670483635523E-60
140	70	8.066236237041566E-63
140	75	4.784825330195679E-68
140	80	1.9616272955023645E-70
140	85	5.6401499025709394E-71
140	90	1.6872013621482764E-71
150	5	1.0350832702933871E-5
150	10	2.539037E-10
150	15	5.023126465058609E-16
150	20	1.3375819714104657E-22
150	25	7.923395008749813E-28
150	30	3.7022526991072283E-32
150	35	8.053612400867455E-37
150	40	3.5591690984467776E-44
150	45	2.903714E-46
150	50	2.3689679528489873E-48
150	55	2.8628478229617093E-54
150	60	5.7870123244461834E-58
150	65	6.584040486800886E-62
150	70	4.234241140879247E-64
150	75	3.226945607062639E-65
150	80	7.213063078316777E-67
150	85	2.6768523735180155E-72
150	90	5.966589768341923E-73
150	95	6.935238101347747E-82
160	5	1.43616301391686E-5
160	10	3.538528846440747E-10
160	15	6.481831669916499E-16
160	20	6.328472031296445E-22
160	25	1.6925664089553934E-26
160	30	8.389253295341443E-33
160	35	1.1979930839654545E-35
160	40	2.559311582941094E-44
160	45	7.735754642367931E-46
160	50	4.7972611615190055E-52
160	55	5.1998423347800735E-54
160	60	8.549240924913041E-59
160	65	1.743303095449133E-61
160	70	2.0921889699886582E-65
160	75	2.2227511095221264E-66
160	80	1.9196464971850925E-67
160	85	3.6657688746897963E-69
160	90	1.750193838168675E-75
160	95	2.214858821160567E-80
160	100	2.6039943956732936E-81
170	5	3.1810758456299364E-4
170	10	7.0078219742923814E-9
170	15	3.182460139899686E-14
170	20	3.0202224448428625E-20
170	25	3.627612250548344E-26
170	30	1.5925351701250448E-30
170	35	2.1298817717535054E-35
170	40	1.9310908875545742E-39
170	45	1.6537187320528406E-44
170	50	1.980480998452077E-48
170	55	1.5144117871148542E-54
170	60	2.6541747717222786E-58
170	65	2.155280389103498E-61
170	70	2.3600094894804137E-66
170	75	6.904646561988765E-70
170	80	2.561485E-71
170	85	9.502596524406817E-73
170	90	8.071793687319147E-74
170	95	2.962439552422358E-81
170	100	9.075214151704984E-87
180	5	1.4337487979466668E-4
180	10	1.2486112922071524E-8
180	15	1.4137170249513317E-13
180	20	4.29524280816682E-18
180	25	5.188120967834758E-24
180	30	7.2230288395762485E-31
180	35	1.2795337556857418E-35
180	40	3.8704682598688606E-41
180	45	9.993528659404211E-47
180	50	6.121656500770075E-49
180	55	3.5394919685627564E-55
180	60	3.638234032399626E-57
180	65	2.0450422351491626E-63
180	70	7.095576416698105E-66
180	75	1.1722352272695851E-66
180	80	2.425889623714484E-74
180	85	7.897919E-77
180	90	2.5713093156423383E-79
180	95	1.6121269509086263E-80
180	100	3.0932179231979236E-85
190	5	0.0035341495326076944
190	10	1.0667976769680866E-7
190	15	1.6953779853783246E-12
190	20	5.407667110181853E-18
190	25	9.876048659816185E-25
190	30	5.999017958105727E-29
190	35	1.7580747255801488E-36
190	40	3.518296486739754E-39
190	45	3.8573563482272694E-45
190	50	4.6564609993573214E-46
190	55	1.07884672723836E-50
190	60	4.3543526940634235E-58
190	65	3.288952634526412E-64
190	70	1.0586058831669338E-65
190	75	9.05309299273389E-70
190	80	1.3281302575225891E-71
190	85	3.2136857110315166E-78
190	90	1.17132E-79
190	95	4.269209575686764E-81
190	100	1.5341557296910084E-85
200	5	1.9417144026866545E-4
200	10	2.3150092480626082E-7
200	15	7.053373241498336E-13
200	20	9.892724258190212E-18
200	25	5.186448401429093E-23
200	30	5.679629522273485E-28
200	35	7.290000926683081E-33
200	40	5.3128569768845613E-39
200	45	9.962357822500711E-44
200	50	1.3146762940792739E-48
200	55	8.692112935217607E-53
200	60	7.172199288505881E-57
200	65	5.131367655287719E-61
200	70	6.512543602946347E-64
200	75	2.8334452193153207E-69
200	80	1.060886374440926E-72
200	85	4.562352445081995E-75
200	90	7.016898642537332E-82
200	95	5.13745870461232E-84
200	100	4.562681563635216E-86
220	5	0.0020333776289838817
220	10	2.1033587897674525E-6
220	15	1.8760995318742854E-11
220	20	7.745176570257849E-16
220	25	9.333143626344933E-22
220	30	1.067767494764913E-26
220	35	3.163429114454215E-32
220	40	1.652161396306484E-37
220	45	2.0633361297020667E-41
220	50	1.5299537626916596E-47
220	55	4.129008071271664E-54
220	60	6.885517705877718E-58
220	65	1.430364609571414E-60
220	70	1.3406403374791685E-64
220	75	7.89460654896574E-69
220	80	1.7743968305663797E-71
220	85	3.784217254996889E-76
220	90	2.2612741142725576E-78
220	95	4.631982E-83
220	100	9.488127503098813E-88
240	5	0.011011458309818527
240	10	8.25724887386976E-6
240	15	4.139998608508068E-10
240	20	1.4555548295325242E-14
240	25	2.6128855489455943E-20
240	30	6.960014145739755E-25
240	35	5.462922216084075E-31
240	40	1.0902082164906142E-35
240	45	2.3914439252912416E-40
240	50	1.4142766135238563E-43
240	55	2.4110067859869126E-51
240	60	1.5106862828056105E-55
240	65	4.4284420270575295E-59
240	70	1.1855578929020172E-60
240	75	1.4499140498112244E-70
240	80	9.86741924604409E-76
240	85	2.244891E-77
240	90	5.107249876460992E-79
240	95	8.087340134118809E-85
240	100	2.504459370061576E-89
260	5	0.02100437892106161
260	10	1.3582113141032668E-5
260	15	3.5355091642250135E-9
260	20	5.347747489408207E-14
260	25	3.737685604741471E-18
260	30	7.837830102352571E-23
260	35	2.4412255756690557E-28
260	40	3.14468403800546E-34
260	45	8.936140189949791E-39
260	50	3.778681264006534E-43
260	55	1.5392152150853328E-48
260	60	3.599234210159848E-53
260	65	9.871759527265385E-57
260	70	5.75030244467388E-63
260	75	1.8141588693827966E-69
260	80	4.137481E-72
260	85	9.436190764696814E-75
260	90	3.1399963349069624E-78
260	95	1.4435088683826688E-82
260	100	3.5128315962353066E-88
280	5	0.02866728677209098
280	10	1.4028621975016814E-4
280	15	1.8843074132756287E-8
280	20	1.322419825509988E-12
280	25	2.1133944053886945E-17
280	30	1.099890833439496E-22
280	35	6.436132417528245E-28
280	40	2.3504587480760175E-31
280	45	1.1968388008402775E-37
280	50	3.7505139096516664E-42
280	55	2.7861390794337107E-49
280	60	6.895349558169326E-52
280	65	9.885073833890831E-56
280	70	4.5144749110475187E-63
280	75	1.3752425684900747E-63
280	80	2.5329483011237244E-67
280	85	6.6483482802004235E-74
280	90	8.103095862912639E-76
280	95	7.436212296625602E-83
280	100	2.595110840274323E-88
300	5	0.0427058220541183
300	10	2.5678902846109703E-4
300	15	6.228218997954633E-8
300	20	1.8104330954468347E-11
300	25	8.336724855131524E-16
300	30	6.939251159650267E-21
300	35	1.435480109151525E-25
300	40	4.2422361259633584E-30
300	45	1.5568734431092253E-34
300	50	7.663822746704931E-41
300	55	3.230984230628275E-45
300	60	2.232715453101958E-50
300	65	3.2145849330500813E-55
300	70	3.9370299670528235E-59
300	75	4.038143057175655E-64
300	80	5.414401044006456E-69
300	85	1.547856E-72
300	90	4.4249723829008124E-76
300	95	2.789634E-79
300	100	1.7586682240994236E-82
320	5	0.06401808204480611
320	10	0.002172617950370685
320	15	1.085496342908996E-6
320	20	1.9103644918106806E-10
320	25	1.5702023207321583E-14
320	30	2.2403955568165586E-20
320	35	5.232526E-25
320	40	1.2220756805038815E-29
320	45	6.284128388420012E-35
320	50	1.2833247701852933E-39
320	55	2.2304748216681185E-44
320	60	4.661730107674214E-48
320	65	1.0962380263265974E-51
320	70	5.335044965749203E-55
320	75	5.206588728558502E-64
320	80	4.7018630939041804E-67
320	85	9.773554828343862E-71
320	90	1.2807400851796271E-73
320	95	1.2868022172378008E-76
320	100	1.6073873962818685E-82
340	5	0.12083527778589247
340	10	0.009030658313424422
340	15	2.0484406009858298E-5
340	20	9.084105295345016E-9
340	25	3.036291541076304E-12
340	30	2.3036482103053597E-16
340	35	3.4059003850061966E-21
340	40	7.635959311457402E-26
340	45	1.579831829006227E-30
340	50	1.9417555716609534E-35
340	55	1.5287467866548825E-40
340	60	1.322094357785557E-45
340	65	1.9770843047035055E-49
340	70	4.66964675067028E-57
340	75	3.946112130617244E-59
340	80	1.7366805950150042E-63
340	85	2.5636416499446333E-69
340	90	1.6874093073733275E-71
340	95	1.7122331530439304E-77
340	100	4.832741001416714E-81
360	5	0.21614927547483245
360	10	0.0344862253818543
360	15	1.5680339227022169E-4
360	20	7.785389521067265E-8
360	25	3.418742635344404E-11
360	30	2.9234087827838544E-15
360	35	1.1364011484640748E-18
360	40	2.7780765685710844E-23
360	45	2.773721837907743E-28
360	50	6.032814486845464E-33
360	55	2.2622222379182054E-37
360	60	1.1171198771181685E-42
360	65	5.5599013882258936E-46
360	70	8.707642064902547E-51
360	75	1.1311208243368005E-57
360	80	1.6723661482761228E-60
360	85	1.762965154322735E-64
360	90	8.818196444091402E-71
360	95	8.833385168129501E-73
360	100	2.1114694087543963E-77
380	5	0.2636054085727706
380	10	0.029763422328042213
380	15	2.740228405957988E-4
380	20	2.841614179637198E-7
380	25	5.539090965562842E-10
380	30	1.6279617827525492E-12
380	35	2.4294585113681074E-15
380	40	4.168716067665074E-18
380	45	3.425411082864981E-22
380	50	9.919806846437714E-33
380	55	2.0457349468323044E-36
380	60	8.236152353936138E-41
380	65	1.6590785628767208E-45
380	70	7.575234178969607E-50
380	75	4.7958672479233025E-54
380	80	9.825683070035936E-58
380	85	5.2738672433308126E-65
380	90	6.706988754879639E-72
380	95	3.222212232733671E-74
380	100	2.1631471972455945E-78
400	5	0.27399411915475674
400	10	0.03799774584332499
400	15	0.001022041266318702
400	20	1.1092743104393953E-6
400	25	4.547348474192565E-9
400	30	1.075161601264552E-11
400	35	4.1414851107970196E-15
400	40	7.383222493552119E-17
400	45	1.1177739608046304E-22
400	50	6.668194100353402E-31
400	55	2.692431137688969E-35
400	60	1.1421736621531233E-40
400	65	1.1271608611499998E-44
400	70	1.379473307001361E-47
400	75	4.0384189339374606E-54
400	80	1.5060535716403232E-56
400	85	3.3521456161313986E-63
400	90	2.735895493073689E-65
400	95	2.0770037418127352E-72
400	100	2.3064994221070586E-74
450	5	0.5386781039395304
450	10	0.14736354806746366
450	15	0.002115055380352
450	20	1.358529656816788E-5
450	25	1.6434232350474954E-8
450	30	2.876602287423247E-11
450	35	2.4129516831226288E-14
450	40	1.1940316956756205E-19
450	45	1.414629259200693E-22
450	50	9.035049559570421E-26
450	55	2.641347710526872E-33
450	60	6.168550337844193E-36
450	65	2.2747846067187613E-41
450	70	1.6375312376262002E-44
450	75	1.1359160061100622E-49
450	80	1.7416351829705272E-51
450	85	5.309781643353419E-57
450	90	1.9193698570521567E-64
450	95	1.157963853898737E-68
450	100	1.4920132860249668E-73
500	5	0.7982099652323604
500	10	0.2260498494445424
500	15	0.015491164795259976
500	20	3.046477145244606E-4
500	25	9.012720726394114E-7
500	30	7.64775143975385E-10
500	35	2.406935511627498E-12
500	40	1.1291666683172204E-15
500	45	1.2599566212048775E-18
500	50	3.931877078188373E-24
500	55	6.242116074193314E-28
500	60	7.2506236230510616E-31
500	65	8.881295231589482E-36
500	70	3.690867817281114E-40
500	75	7.071565119885684E-46
500	80	4.516592292195637E-49
500	85	4.147563401628719E-52
500	90	2.6115977124017836E-56
500	95	1.7826935916830918E-63
500	100	2.720120759598179E-68
550	5	1.0
550	10	1.0
550	15	0.768901168812
550	20	0.0899666487386
550	25	0.0026591181109
550	30	3.28429896107E-05
550	35	1.94299627569E-07
550	40	5.96166432624E-10
550	45	1.01042804543E-12
550	50	9.9521394576E-16
550	55	5.93785879964E-19
550	60	2.22163873033E-22
550	65	5.36725844569E-26
550	70	8.58437114823E-30
550	75	9.28635365102E-34
550	80	6.92118040672E-38
550	85	3.61120457191E-42
550	90	1.33752033205E-46
550	95	3.55975517555E-51
550	100	6.88155115072E-56
600	5	1.0
600	10	1.0
600	15	0.823336433058
600	20	0.125670572695
600	25	0.00453776943242
600	30	6.82351875151E-05
600	35	4.95157345704E-07
600	40	1.87170228548E-09
600	45	3.91397203974E-12
600	50	4.75235454337E-15
600	55	3.48573690993E-18
600	60	1.59621993222E-21
600	65	4.69260810587E-25
600	70	9.06982555461E-29
600	75	1.17628463045E-32
600	80	1.04176291436E-36
600	85	6.39613345927E-41
600	90	2.75814094702E-45
600	95	8.44896383806E-50
600	100	1.85719541015E-54
650	5	1.0
650	10	1.0
650	15	0.968912828277
650	20	0.26810842783
650	25	0.016066111637
650	30	0.00038004935736
650	35	4.36572469712E-06
650	40	2.63163475648E-08
650	45	8.82069926492E-11
650	50	1.72250312475E-13
650	55	2.03586756336E-16
650	60	1.5033270968E-19
650	65	7.12454999421E-23
650	70	2.21770682873E-26
650	75	4.62596738235E-30
650	80	6.58037688867E-34
650	85	6.48199887973E-38
650	90	4.48171057199E-42
650	95	2.20117740312E-46
650	100	7.76227204082E-51
700	5	1.0
700	10	1.0
700	15	1.0
700	20	0.27122653665
700	25	0.015983204459
700	30	0.000366537011918
700	35	4.02680443401E-06
700	40	2.29081890273E-08
700	45	7.16128464399E-11
700	50	1.29144588647E-13
700	55	1.39855453272E-16
700	60	9.40614777848E-20
700	65	4.04307594946E-23
700	70	1.13842310864E-26
700	75	2.14545659293E-30
700	80	2.75763167671E-34
700	85	2.45783546365E-38
700	90	1.54147149863E-42
700	95	6.89182521685E-47
700	100	2.22215943722E-51
750	5	1.0
750	10	1.0
750	15	1.0
750	20	0.466675898046
750	25	0.0437128333922
750	30	0.0014843352802
750	35	2.41940387712E-05
750	40	2.06257617483E-07
750	45	9.74056969903E-10
750	50	2.67087470899E-12
750	55	4.4204199484E-15
750	60	4.56126727642E-18
750	65	3.01625233775E-21
750	70	1.30891692471E-24
750	75	3.80551815937E-28
750	80	7.54927236191E-32
750	85	1.03857396478E-35
750	90	1.00535969111E-39
750	95	6.93803305087E-44
750	100	3.45392801743E-48
800	5	1.0
800	10	1.0
800	15	1.0
800	20	0.611600175574
800	25	0.074860133191
800	30	0.00325950658585
800	35	6.79971840701E-05
800	40	7.48938608829E-07
800	45	4.60893963528E-09
800	50	1.65887199001E-11
800	55	3.62581943146E-14
800	60	4.96574377538E-17
800	65	4.37626235049E-20
800	70	2.53958303118E-23
800	75	9.90245659815E-27
800	80	2.64144462369E-30
800	85	4.89814726981E-34
800	90	6.40590518413E-38
800	95	5.98593351174E-42
800	100	4.04363588689E-46
850	5	1.0
850	10	1.0
850	15	1.0
850	20	1.0
850	25	0.103990323881
850	30	0.00523995302157
850	35	0.000125066421898
850	40	1.57492971443E-06
850	45	1.1074473103E-08
850	50	4.55180648218E-11
850	55	1.13578335811E-13
850	60	1.77600600144E-16
850	65	1.78807351305E-19
850	70	1.18661432106E-22
850	75	5.29869709224E-26
850	80	1.62143388192E-29
850	85	3.456005374E-33
850	90	5.20619721079E-37
850	95	5.61565193227E-41
850	100	4.38810925503E-45
