15	5	0.1863795729909091
15	10	0.0012078853684657643
20	5	6.1037703845E-4
20	10	5.534484675787999E-4
20	15	3.1429697025E-12
25	5	0.001591931648112
25	10	1.9331477768750002E-4
25	15	3.21708852218216E-7
25	20	2.180744777282899E-10
30	5	0.002680245542642
30	10	9.35769894953507E-4
30	20	7.0026136108491004E-12
30	25	4.426767404674444E-16
30	30	4.960968752E-22
35	5	0.001047894488021025
35	10	3.530071671963799E-4
35	15	8.924093494743267E-8
35	20	5.083021324255483E-10
35	25	2.022266493527797E-13
35	30	6.183568083553667E-19
40	5	0.004277325923450001
40	10	1.30880769167455E-5
40	15	4.806981179153333E-11
40	20	8.5041129795E-14
40	25	2.8583463042097323E-13
40	30	1.053124728584103E-15
40	35	3.354625473526918E-22
40	40	9.664203855E-24
45	5	3.7722654365E-5
45	10	9.660787890485665E-6
45	15	1.269910908355E-9
45	20	2.2629360138211433E-9
45	25	6.915052033397119E-15
45	30	1.7395943315864736E-19
45	35	3.281109053603217E-19
45	40	1.8649980871144602E-25
50	5	4.474633134E-4
50	10	5.43369979524295E-6
50	15	1.0846215833932429E-9
50	20	8.133774641273061E-10
50	25	5.69057641102243E-14
50	30	3.3124177222555624E-18
50	35	3.710132861978E-23
50	40	5.9368259499401205E-25
50	45	4.1271239367447385E-26
55	5	2.7536508726595272
55	10	7.83085760856319E-6
55	15	2.112570449516742E-9
55	20	2.252709139045334E-12
55	25	5.388388819457822E-14
55	30	1.6526804849700501E-22
55	35	8.107197968425881E-23
55	40	5.497740993998005E-23
55	45	9.75302583578385E-29
60	5	2.3366931919999997E-5
60	10	3.1166077483234775E-7
60	15	1.0763770265344672E-9
60	20	2.68457989895275E-12
60	25	6.765411429647487E-16
60	30	7.460758527305495E-19
60	35	1.6201452776556615E-21
60	40	1.937473835796309E-25
60	45	1.3575491693301657E-27
60	50	2.6046435796579744E-30
65	5	2.4297613886261415
65	10	5.184602972995149E-6
65	15	1.5557289685269786E-7
65	20	3.1894697754E-12
65	25	2.2976945472872526E-16
65	30	1.1634122008238364E-16
65	35	2.8359840042132442E-21
65	40	2.8798229500438835E-23
65	45	2.3576024849539695E-28
65	50	1.5888417435884937E-30
70	5	2.5693297341333336E-4
70	10	3.2270072685704253E-6
70	15	3.4661394874425755E-10
70	20	1.5906594384930406E-15
70	25	1.11504395793307E-17
70	30	6.287127240465462E-20
70	35	6.260876554349345E-23
70	40	2.221988866263194E-25
70	45	8.961040551102039E-26
70	50	9.774433131507984E-31
70	55	3.4197067073820904E-32
70	60	2.734749923E-39
75	5	3.636174856E-4
75	10	2.030645167136286E-5
75	15	2.3895831989202996E-11
75	20	1.6945627653600002E-9
75	25	8.078696704210749E-16
75	30	3.4096310727790894E-19
75	35	1.0702828725924017E-22
75	40	1.8859473954092657E-21
75	45	2.0534846587735477E-28
75	50	3.130373202785825E-33
75	55	5.0538755894445384E-36
80	5	4.880027463228571
80	10	5.1956833438228894E-6
80	15	4.3091240106299125E-9
80	20	1.2627839513070687E-17
80	25	2.1512022422383228E-14
80	30	1.0920988043592794E-17
80	35	8.051894394376516E-22
80	40	3.1476466012338877E-26
80	45	6.346525287355309E-28
80	50	2.9385715640915085E-33
80	55	1.059247628177649E-34
80	60	3.45392533149762E-39
85	5	3.6976655041115385
85	10	4.1945472983471744E-4
85	15	4.12798431293454E-11
85	20	1.6975024168061764E-12
85	25	2.161697861552633E-18
85	30	6.185898824413793E-19
85	35	6.347646861291258E-25
85	40	1.1484017733791668E-24
85	45	4.25009328590544E-27
85	50	1.9258077938835915E-28
85	55	6.168777499776169E-36
85	60	5.162418804870574E-37
85	65	1.633871786E-44
90	5	3.8796575568888887
90	10	5.520425900357424E-6
90	15	2.6280536308763802E-11
90	20	1.0721312992649577E-13
90	25	4.343199334187897E-15
90	30	2.059322074693767E-20
90	35	1.822386902718629E-22
90	40	1.8553163862913596E-27
90	45	3.89458304540628E-30
90	50	3.762794253049212E-33
90	55	1.0900329598263288E-36
90	60	8.791802144221189E-39
90	65	1.2392610872889744E-42
95	5	25.03427310979231
95	10	1.0332397641005498E-4
95	15	9.309033984493555E-12
95	20	7.727209012762718E-14
95	25	1.6607587260182827E-16
95	30	9.497507395090998E-23
95	35	9.720707131310139E-23
95	40	2.0141063114025336E-29
95	45	7.621577852192363E-30
95	50	4.125853129297525E-31
95	55	8.000228503428967E-34
95	60	5.797704694713789E-36
95	65	2.3203644578239753E-38
100	5	4.711173010570833
100	10	1.0208210422077519E-4
100	15	5.431681799859817E-10
100	20	6.95400694617429E-11
100	25	1.973714563248288E-17
100	30	1.9931895224669606E-19
100	35	2.9915640206435E-21
100	40	3.485002341467257E-27
100	45	1.8316993677964725E-29
100	50	4.882193143666891E-31
100	55	1.3556368685159365E-31
100	60	8.507111981348238E-39
100	65	9.89607056924142E-40
100	70	1.283784016560363E-39
100	75	1.064644649E-48
110	5	8.06272003130357
110	10	1.156779546807111E-5
110	15	5.565202960405209E-9
110	20	4.069616123262862E-10
110	25	3.3128171053266667E-12
110	30	1.3973650894868117E-20
110	35	9.902858816725556E-20
110	40	2.422024255025817E-27
110	45	3.6829486595831404E-29
110	50	1.3771426109587898E-31
110	55	3.5214234521340375E-34
110	60	6.70980153436307E-37
110	65	1.1406256290365203E-40
110	70	1.2968439834794427E-44
110	75	1.1916438871362557E-47
110	80	3.653394084287617E-48
120	5	54.50249329099999
120	10	5.4849189982065E-4
120	15	2.2756859878007333E-9
120	20	1.9082019327905665E-12
120	25	2.1444683349509773E-10
120	30	3.324478408912556E-9
120	35	1.001346501664037E-19
120	40	3.5428907352509235E-23
120	45	8.179483949901034E-32
120	50	1.7273448379618374E-36
120	55	3.549720986670212E-24
120	60	2.7758172369964287E-37
120	65	1.480799493810105E-41
120	70	9.200835972263506E-44
120	75	7.668636548366913E-47
120	80	2.0148253125404888E-47
130	5	105.20109354596555
130	10	0.4417414963553976
130	15	6.34980549871827E-8
130	20	3.108994682573621E-13
130	25	1.4607775338189336E-10
130	30	6.2400392250962425E-18
130	35	3.76423574990908E-21
130	40	3.429674049429024E-26
130	45	3.3258597544642125E-31
130	50	1.0089148662996245E-33
130	55	3.27986029100483E-38
130	60	9.618111231757949E-39
130	65	5.2761673387553165E-40
130	70	2.5043248223142004E-39
130	75	1.8128713897723138E-44
130	80	4.392488672010309E-49
130	85	1.988240467177856E-48
130	90	1.05667095E-46
140	5	187.7031437448485
140	10	10.543132431863027
140	15	9.218923950421267E-5
140	20	1.5067298244424255E-10
140	25	2.405184060631766E-9
140	30	1.3321707071522839E-20
140	35	4.313750847382598E-19
140	40	6.018009043680479E-25
140	45	3.956571394020572E-21
140	50	2.6779455845964006E-33
140	55	9.003587042788246E-39
140	60	1.1265930538708672E-40
140	65	1.0142457921449596E-41
140	70	2.9875503707036027E-44
140	75	1.3565474408402582E-45
140	80	1.0271644505566204E-51
140	85	3.904793338644625E-48
140	90	2.5494703886499743E-46
140	95	1.853285378E-59
150	5	303.3890152752963
150	10	4.130440595592681
150	15	0.0036599201218135845
150	20	6.838461035330552E-10
150	25	1.654729529852862E-14
150	30	1.052160408299551E-18
150	35	9.075031902915514E-23
150	40	6.73721715202236E-27
150	45	3.5835375601165636E-27
150	50	9.378974870854989E-34
150	55	3.1819616109179997E-23
150	60	1.2082581062549063E-38
150	65	1.7438807020206245E-43
150	70	1.9160966076188287E-44
150	75	1.7283304285596152E-47
150	80	1.2760625420105854E-48
150	85	3.391695025793056E-46
150	90	1.2888004524173384E-46
150	95	3.175731755196343E-49
160	5	82.69322430166667
160	10	4.40545443443796
160	15	1.3163111782945556E-4
160	20	2.5965003332468567E-8
160	25	1.2840938556092184E-13
160	30	3.9150809504043335E-18
160	35	7.432609129740833E-11
160	40	2.0260754819555637E-24
160	45	1.223821832287109E-24
160	50	5.252518802954539E-34
160	55	4.2339244652948666E-32
160	60	8.128849486002476E-37
160	65	5.137016767418E-35
160	70	1.1470504774616063E-38
160	75	2.5705096782066844E-41
160	80	3.168653423407974E-43
160	85	1.897686542637361E-45
160	90	7.266654112870923E-44
160	95	7.054937711443322E-48
160	100	2.8518611878754044E-50
170	5	496.09884411363635
170	10	62.17577198957752
170	15	1.642073039391889E-4
170	20	9.232646198101759E-8
170	25	4.665404559690876E-12
170	30	6.8667977595012694E-15
170	35	6.703232955705162E-21
170	40	1.7200332400333333E-25
170	45	2.4149565734609874E-28
170	50	1.2510189381884921E-26
170	55	1.8329741933357747E-31
170	60	5.3839512336916026E-33
170	65	8.465399494874133E-38
170	70	2.9351309622573327E-35
170	75	1.6734137751528083E-40
170	80	5.4946857196680775E-40
170	85	5.991377043130424E-43
170	90	2.8435673232507897E-44
170	95	9.00903555511056E-47
170	100	1.8899078081163865E-50
180	5	452.6811918166666
180	10	107.32478362263936
180	15	0.014834599637301164
180	20	2.9869397787499996E-8
180	25	2.297408395614883E-8
180	30	2.0024499773438E-14
180	35	4.135621509921418E-13
180	40	1.4768402389348867E-14
180	45	1.2044046517591101E-24
180	50	1.1628981274502944E-28
180	55	1.478208961142057E-30
180	60	3.954514816506912E-34
180	65	2.3222276013401604E-37
180	70	9.948161138513297E-39
180	75	5.004004261754244E-41
180	80	4.265639921174648E-42
180	85	4.3800856335114335E-42
180	90	1.946612039330398E-47
180	95	1.8362545663557835E-45
180	100	6.041781326183467E-47
190	5	1698.6573509999998
190	10	143.7467025114705
190	15	0.8752159046045429
190	20	1.9124558640103223E-5
190	25	6.33709584960513E-8
190	30	7.09272033345946E-13
190	35	1.5792589808156062E-11
190	40	6.1551658095E-14
190	45	5.845483120518021E-15
190	50	1.826389130899629E-27
190	55	1.3084294693017509E-27
190	60	4.261792050932593E-26
190	65	6.31512374816621E-32
190	70	6.780879117488905E-37
190	75	9.055786724403965E-40
190	80	5.217074179155875E-44
190	85	1.4596518076746803E-43
190	90	8.887983736008927E-48
190	95	5.5044767624157457E-45
190	100	5.919610017216405E-51
200	5	1996.3018333333337
200	10	150.17240051992454
200	15	0.30498721568780107
200	20	8.08450657626501E-5
200	25	1.5655793450410397E-9
200	30	9.131179260502355E-13
200	35	2.5524552257147004E-17
200	40	4.426552367468749E-22
200	45	1.9967747708373202E-23
200	50	1.3211458344068292E-25
200	55	2.794816082625064E-28
200	60	7.622669312316277E-33
200	65	6.204357419185726E-36
200	70	1.028626400595262E-37
200	75	4.2566829017996365E-38
200	80	2.9831410175585773E-40
200	85	1.306243437173245E-40
200	90	4.493907745375926E-46
200	95	1.299730943790745E-47
200	100	7.576426995367921E-51
220	10	343.3824669141667
220	15	4.101480369730938
220	20	1.308751122748375E-4
220	25	1.4420706950047504E-8
220	30	1.0159634513862501E-12
220	35	3.734087640631148E-11
220	40	2.225492094692254E-17
220	45	7.669198216538826E-19
220	50	2.304158095613787E-23
220	55	2.919961987016633E-28
220	60	2.2299646067062625E-32
220	65	1.4036046253516298E-33
220	70	4.847473378594008E-37
220	75	1.0659970685286657E-39
220	80	2.04473206380346E-40
220	85	3.526660299853829E-44
220	90	5.678045496301702E-44
220	95	3.3747960682993345E-44
220	100	5.1284627630622495E-48
240	10	635.578456485254
240	15	22.422271825035306
240	20	0.008072509593902103
240	25	1.4717597123600002E-6
240	30	2.4412812917806925E-8
240	35	2.796967020301307E-10
240	40	3.0696143008786866E-11
240	45	8.734743952942726E-18
240	50	8.304283180084344E-19
240	55	4.93908740263201E-22
240	60	5.048697144415686E-24
240	65	6.4230704877232866E-27
240	70	1.5005939205460947E-28
240	75	7.169064944356858E-34
240	80	9.692015470582083E-33
240	85	1.1047336783037011E-35
240	90	2.7721427290049937E-36
240	95	2.6188347160213166E-39
240	100	1.2197095573981203E-40
260	10	1051.1007514093753
260	15	138.26649391742257
260	20	0.29611503055515
260	25	2.0152644594264172E-4
260	30	3.0219878426104007E-7
260	35	1.13898819414575E-10
260	40	9.847837399616363E-13
260	45	4.1501996909E-16
260	50	1.9979033437682823E-18
260	55	6.717141514223636E-22
260	60	1.15162921047625E-22
260	65	9.759193908324478E-23
260	70	7.886925152619741E-28
260	75	5.650060670949613E-31
260	80	4.559896714003488E-33
260	85	1.782368597739951E-35
260	90	1.0938383165428908E-37
260	95	1.4913828843915093E-36
260	100	9.983590570112519E-41
280	10	1889.47171404
280	15	340.2370352030968
280	20	1.1744170262666673
280	25	0.0015336849442117496
280	30	7.366079332672726E-6
280	35	1.3819563686810834E-8
280	40	1.8787620748705002E-11
280	45	1.0752822918405E-14
280	50	3.450217777811899E-16
280	55	2.090987778958375E-19
280	60	2.9194231537965223E-21
280	65	4.6830823905263755E-24
280	70	1.0033957417990816E-25
280	75	7.754441436849111E-30
280	80	3.6527142315367125E-31
280	85	1.1715682159061508E-32
280	90	1.1217833812894608E-35
280	95	2.097187325703175E-40
280	100	2.3043027121266085E-35
300	10	4768.212579
300	15	800.4522693974718
300	20	6.554272137254054
300	25	0.011068932818615172
300	30	1.5221663805700002E-5
300	35	3.766496662626E-7
300	40	2.0446197303344447E-10
300	45	2.6140481081130006E-12
300	50	1.2595352456499997E-15
300	55	1.9698239215211E-18
300	60	5.448389876571667E-20
300	65	6.0824442141109186E-21
300	70	4.803360710129092E-25
300	75	1.0188015367165477E-27
300	80	1.8634471574750132E-29
300	85	1.58345219389494E-33
300	90	6.22003470966939E-34
300	95	6.31996563498147E-37
300	100	8.809280439014294E-39
320	10	13139.119757666667
320	15	1198.7051281321346
320	20	47.54057802802339
320	25	0.16520029281855
320	30	2.7089196174005884E-4
320	35	7.45904798005E-7
320	40	2.1832283077685714E-9
320	45	1.29335465667021E-10
320	50	1.83046387843E-14
320	55	1.3840995858956362E-15
320	60	1.0273971494500001E-19
320	65	5.412726799134467E-21
320	70	3.41869510699E-24
320	75	1.1506497769475E-25
320	80	6.42341141054248E-26
320	85	4.59628207752077E-30
320	90	1.8892733364750944E-32
320	95	4.230740180042135E-34
320	100	2.967949427101421E-34
340	15	3704.957169919608
340	20	431.81701361095196
340	25	3.803163359724391
340	30	0.01622467031736
340	35	2.3718019295287503E-4
340	40	1.399541738403375E-6
340	45	1.164214338759857E-8
340	50	1.9374132836577775E-10
340	55	4.2298370909612497E-13
340	60	6.956054672698859E-15
340	65	1.144028576422375E-17
340	70	1.992334945384E-19
340	75	1.631543421436511E-20
340	80	1.722196300613475E-23
340	85	2.131235521635329E-22
340	90	1.9959147693841E-27
340	95	2.147621112098145E-28
340	100	8.546360222719723E-31
360	15	8498.658374105265
360	20	1685.2518550180375
360	25	31.63911891482217
360	30	0.056464830613768786
360	35	1.96847355305E-6
360	40	8.277214370801916E-5
360	45	1.4577792182643944E-6
360	50	3.985290413324285E-8
360	55	8.875561423192309E-11
360	60	5.480426646714287E-13
360	65	1.4258068820231E-13
360	70	1.2058587974715626E-15
360	75	1.81334369332925E-17
360	80	1.7194330578879998E-19
360	85	3.2023574772683645E-22
360	90	2.949895130158571E-24
360	95	7.813541629181819E-26
360	100	3.1749761202153548E-27
380	15	12521.842648062502
380	20	2677.5317168863644
380	25	50.223192809806456
380	30	0.5772536058697675
380	35	0.010090416831382353
380	40	5.639522485521054E-4
380	45	7.587418030344545E-6
380	50	4.0142945463444445E-8
380	55	3.1602827396469233E-10
380	60	1.0230284528499998E-11
380	65	3.3513381889571424E-14
380	70	4.1634312246014285E-15
380	75	9.33655392825E-18
380	80	3.1759154470445005E-19
380	85	1.22193347293125E-20
380	90	6.637134145249E-23
380	95	3.150920414058E-25
380	100	5.475933958895E-27
400	15	17661.79142625
400	20	4790.631011624244
400	25	146.07885393636366
400	30	1.4993328746289476
400	35	0.025482560970047613
400	40	0.001362358807068
400	45	1.4975025329666668E-5
400	50	4.5782976179E-7
400	55	9.345943697344446E-9
400	60	4.787772526114286E-11
400	65	8.313198744217499E-13
400	70	3.015583546873334E-14
400	75	4.0574180704382504E-16
400	80	1.8873470503985715E-18
400	85	7.451095711297001E-20
400	90	2.5773102125764E-21
400	95	2.6262063558104996E-23
400	100	3.803356562883833E-26
450	20	11643.730453770275
450	25	1660.1858612671235
450	30	35.05813996104255
450	35	0.24333115592
450	40	0.01763568089274418
450	45	0.001156252947370667
450	50	1.9989924066874998E-5
450	55	7.612235938349999E-7
450	60	1.5239189884237502E-8
450	65	3.372541582376923E-10
450	70	3.847247351663636E-12
450	75	2.2374192019428568E-13
450	80	3.6337618120009996E-14
450	85	9.066676545872729E-17
450	90	2.255592796900143E-18
450	95	2.857454681026E-20
450	100	1.1456886982283333E-21
500	20	45139.94854615385
500	25	10160.3102535082
500	30	897.3814671712066
500	35	21.276104442165384
500	40	0.44861215100909085
500	45	0.03146231692803704
500	50	0.003247150266553192
500	55	2.550353171244444E-4
500	60	1.1481848893673333E-5
500	65	1.7903327895966664E-7
500	70	4.3784896128846145E-9
500	75	2.8913928267888893E-10
500	80	2.5576202783266665E-11
500	85	3.6800835560999997E-13
500	90	1.8225042038727272E-14
500	95	1.0325893621416668E-15
500	100	2.3501230432285712E-17
